24,19
24,18
24,17
24,16
24,15
24,14
24,13
24,12
24,11
24,10
24,9
24,8
24,7
24,6
24,5
24,4
26,3
26,2
26,1
26,0
25,3
25,2
25,1
25,0
24,3
24,2
24,1
24,0
0,464
0,386
0,278
3,2
10,139
10,201
10,291
10,183
10,237
10,305
10,309
11,14
11,30
11,16
11,7
9,5
9,2
9,3
8,4
8,18
8,7
8,6
8,8
8,9
8,2
8,3
27,3
27,1
23,3
23,1
20,3
20,2
20,1
19,3
19,2
19,1
12,3
12,2
12,1
11,29
11,27
11,26
11,25
11,23
11,22
11,21
11,20
11,18
18,1
11,17
18,3
11,13
11,11
11,10
11,5
11,4
11,3
11,2
14,1
11,1
14,3
10,317
10,315
13,1
10,311
13,3
10,289
10,285
10,283
10,271
10,263
